0001000000000000000000000000000000000000000000000000000000000000000000000000000000000000000000000000
0001011100000000111000000111000000111000000000000000000000000000000000000000000000000000000000000000
0001111100000001100000000101110001100111100000000000000000000000000000000000000000000000000000000000
0001111111111111111100111110100010000000110000000000000000000000000000000000000000000000000000000000
0001111000011111000001000111100010010000011000000000000000000000000000000000000000000000000000000000
0001110000011111100001100011100010010000001110000000000000000000000000000000000000000000000000000000
0000000000011111100001110011110010010000000010000000000000000000000000000000000000000000000000000000
0000000000001111100011110001011110010000000011000000000000000000000000000000000000000000000000000000
0111000010001111000010110001001100010000000001000000000000000000000000000000000000000000000000000000
0001100010001111100011110001000000010000000001000000000000000000000000000000000000000000000000000000
0000111010000011110101010001000000010000000001000000000000000000000000000000000000000000000000000000
0001100010000011110101110011000000010000000001000000000000000000000000000000000000000000000000000000
0001100010000011110100011110000000010000000001000000000000000000000000000000000000000000000000000000
0000100011000000000100011000000000010000000001000000000000000000000000000000000000000000000000000000
0000000001100011100100111000000000010000000001000000000000000000000000000000000000000000000000000000
0000011100110000111101101100000000110000000001000000000000000000000000000000000000000000000000000000
0000111110011110110011000100000111100000000001000000000000000000000000000000000000000000000000000000
0000101111000011111110000100011100000000000011000000000000000000000000000000000000000000000000000000
0000101111100000000000000100000000000000000010000000000000000000000000000000000000000000000000000000
0000111111100000000000000100000000000000001100000000000000000000000000000000000000000000000000000000
0000000111111111111111100100000000000000111000000000000000000000000000000000000000000000000000000000
0000000001111111110000111111100000000111000000000000000000000000000000000000000000000000000000000000
0000000000011111100000001000000000011000000000000000000000000000000000000000000000000000000000000000
0000000000011111111110001000000000000011111000000000000000000000000000000000000000000000000000000000
0000000000001100011110001000000000000010001000000000000000000000000000000000000000000000000000000000
0000000000001111111110011000011111110010001000000000000000000000000000000000000000000000000000000000
0000000000000100000000110001100000111100001000000000000000000000000000000000000000000000000000000000
0000000000000110000011100001000001100000011000000000000000000000000000000000000000000000000000000000
0000000000000011111110001101000011000000110000000000000000000000000000000000000000000000000000000000
0000000000000000000000011001111110000011100000000000000000000000000000000000000000000000000000000000
0000011000000000000000010000000000011110000000000000000000000000000000000000000000000000000000000000
0000010111100000001111011000000001110000000000000000000000000000000000000000000000000000000000000000
0000100000111111111000001100000111000000000000000000000000000000000000000000000000000000000000000000
0000100000000000000000000111111100000000000000000000000000000000000000000000000000000000000000000000
0001000000000000000010000000000000000000000000000000000000000000000000000000000000000000000000000000
0001000000000000000011000000000000000000000000000000000000000000000000000000000000000000000000000000
0001000000000000000011000000000000000000000000000000000000000000000000000000000000000000000000000000
0001100000000000000010000000000000000000000000000000000000000000000000000000000000000000000000000000
0000110000000000000010000000000000000000000000000000000000000000000000000000000000000000000000000000
0000011100000000001110000000000000000000000000000000000000000000000000000000000000000000000000000000
0000000111100001111000000000000000000000000000000000000000000000000000000000000000000000000000000000
0000000000111111000000000000000000000000000000000000000000000000000000000000000000000000000000000000
0000000000000000000000000000000000000000000000000000000000000000000000000000000000000000000000000000
0000000000000000000000000000000000000000000000000000000000000000000000000000000000000000000000000000
0000000000000000000000000000000000000000000000000000000000000000000000000000000000000000000000000000
0000000000000000000000000000000000000000000000000000000000000000000000000000000000000000000000000000
0000000000000000000000000000000000000000000000000000000000000000000000000000000000000000000000000000
0000000000000000000000000000000000000000000000000000000000000000000000000000000000000000000000000000
0000000000000000000000000000000000000000000000000000000000000000000000000000000000000000000000000000
0000000000000000000000000000000000000000000000000000000000000000000000000000000000000000000000000000
0000000000000000000000000000000000000000000000000000000000000000000000000000000000000000000000000000
0000000000000000000000000000000000000000000000000000000000000000000000000000000000000000000000000000
0000000000000000000000000000000000000000000000000000000000000000000000000000000000000000000000000000
0000000000000000000000000000000000000000000000000000000000000000000000000000000000000000000000000000
0000000000000000000000000000000000000000000000000000000000000000000000000000000000000000000000000000
0000000000000000000000000000000000000000000000000000000000000000000000000000000000000000000000000000
0000000000000000000000000000000000000000000000000000000000000000000000000000000000000000000000000000
0000000000000000000000000000000000000000000000000000000000000000000000000000000000000000000000000000
0000000000000000000000000000000000000000000000000000000000000000000000000000000000000000000000000000
0000000000000000000000000000000000000000000000000000000000000000000000000000000000000000000000000000
0000000000000000000000000000000000000000000000000000000000000000000000000000000000000000000000000000
0000000000000000000000000000000000000000000000000000000000000000000000000000000000000000000000000000
0000000000000000000000000000000000000000000000000000000000000000000000000000000000000000000000000000
0000000000000000000000000000000000000000000000000000000000000000000000000000000000000000000000000000
0000000000000000000000000000000000000000000000000000000000000000000000000000000000000000000000000000
0000000000000000000000000000000000000000000000000000000000000000000000000000000000000000000000000000
0000000000000000000000000000000000000000000000000000000000000000000000000000000000000000000000000000
0000000000000000000000000000000000000000000000000000000000000000000000000000000000000000000000000000
0000000000000000000000000000000000000000000000000000000000000000000000000000000000000000000000000000
0000000000000000000000000000000000000000000000000000000000000000000000000000000000000000000000000000
0000000000000000000000000000000000000000000000000000000000000000000000000000000000000000000000000000
0000000000000000000000000000000000000000000000000000000000000000000000000000000000000000000000000000
0000000000000000000000000000000000000000000000000000000000000000000000000000000000000000000000000000
0000000000000000000000000000000000000000000000000000000000000000000000000000000000000000000000000000
0000000000000000000000000000000000000000000000000000000000000000000000000000000000000000000000000000
0000000000000000000000000000000000000000000000000000000000000000000000000000000000000000000000000000
0000000000000000000000000000000000000000000000000000000000000000000000000000000000000000000000000000
0000000000000000000000000000000000000000000000000000000000000000000000000000000000000000000000000000
0000000000000000000000000000000000000000000000000000000000000000000000000000000000000000000000000000
0000000000000000000000000000000000000000000000000000000000000000000000000000000000000000000000000000
0000000000000000000000000000000000000000000000000000000000000000000000000000000000000000000000000000
0000000000000000000000000000000000000000000000000000000000000000000000000000000000000000000000000000
0000000000000000000000000000000000000000000000000000000000000000000000000000000000000000000000000000
0000000000000000000000000000000000000000000000000000000000000000000000000000000000000000000000000000
0000000000000000000000000000000000000000000000000000000000000000000000000000000000000000000000000000
0000000000000000000000000000000000000000000000000000000000000000000000000000000000000000000000000000
0000000000000000000000000000000000000000000000000000000000000000000000000000000000000000000000000000
0000000000000000000000000000000000000000000000000000000000000000000000000000000000000000000000000000
0000000000000000000000000000000000000000000000000000000000000000000000000000000000000000000000000000
0000000000000000000000000000000000000000000000000000000000000000000000000000000000000000000000000000
0000000000000000000000000000000000000000000000000000000000000000000000000000000000000000000000000000
0000000000000000000000000000000000000000000000000000000000000000000000000000000000000000000000000000
0000000000000000000000000000000000000000000000000000000000000000000000000000000000000000000000000000
0000000000000000000000000000000000000000000000000000000000000000000000000000000000000000000000000000
0000000000000000000000000000000000000000000000000000000000000000000000000000000000000000000000000000
0000000000000000000000000000000000000000000000000000000000000000000000000000000000000000000000000000
0000000000000000000000000000000000000000000000000000000000000000000000000000000000000000000000000000
0000000000000000000000000000000000000000000000000000000000000000000000000000000000000000000000000000
0000000000000000000000000000000000000000000000000000000000000000000000000000000000000000000000000000
0000000000000000000000000000000000000000000000000000000000000000000000000000000000000000000000000000